# nurbs mesh v.2.1
#
# 24-Jun-2015
#
 3 3 1 0 1
PATCH 1 
   1   1   1
   2   2   2
0.0000000   0.0000000   1.0000000   1.0000000   
0.0000000   0.0000000   1.0000000   1.0000000   
0.0000000   0.0000000   1.0000000   1.0000000   
0.000000000000000   0.002000000000000000   0.000000000000000   0.002000000000000000   0.000000000000000   0.002000000000000000   0.000000000000000   0.002000000000000000   
0.000000000000000   0.000000000000000   0.0020000000000000000   0.002000000000000000   0.000000000000000   0.000000000000000   0.002000000000000000   0.002000000000000000   
0.000000000000000   0.000000000000000   0.000000000000000   0.000000000000000   0.0000300000000000000   0.0000300000000000000   0.0000300000000000000   0.0000300000000000000   
1.000000000000000   1.000000000000000   1.000000000000000   1.000000000000000   1.000000000000000   1.000000000000000   1.000000000000000   1.000000000000000   
SUBDOMAIN 1 
1 
